num_epochs	QuantType	BPW	NormType	batch_size	learning_rate	lr_decay	step_size	network_width1	network_width2	network_width3	Parameters	Totalbits	Accuracy/train	Accuracy/test	Loss/train	Loss/test
30	2bitsym	2	RMS	128	0.001	0.1	10	128	128	128	66816	133632	99.88999939	98.19000244	0.005878554	0.069907822
30	2bitsym	2	RMS	128	0.001	0.1	10	160	160	160	93760	187520	99.95999908	98.47000122	0.002911944	0.060931921
30	2bitsym	2	RMS	128	0.001	0.1	10	160	160	160	93760	187520	99.95666504	98.36000061	0.003068546	0.067683592
30	2bitsym	2	RMS	128	0.001	0.1	10	16	16	16	4768	9536	93.96833038	93.54000092	0.210660011	0.220271438
30	2bitsym	2	RMS	128	0.001	0.1	10	24	24	24	7536	15072	96.30500031	95.86000061	0.124898829	0.144815609
30	2bitsym	2	RMS	128	0.001	0.1	10	64	48	48	22240	44480	98.94999695	97.62999725	0.034304049	0.081468672
30	2bitsym	2	RMS	128	0.001	0.1	10	64	64	48	24032	48064	99.12999725	97.79000092	0.030079897	0.07552468
30	2bitsym	2	RMS	128	0.001	0.1	10	64	64	48	24032	48064	99.06666565	97.73000336	0.030958444	0.081059061
30	2bitsym	2	RMS	128	0.001	0.1	10	64	64	80	26400	52800	99.04833221	97.80000305	0.030868249	0.076512448
30	2bitsym	2	RMS	128	0.001	0.1	10	80	64	64	30336	60672	99.3833313	97.76000214	0.021506036	0.0804158
30	2bitsym	2	RMS	128	0.001	0.1	10	80	80	64	32640	65280	99.47499847	97.91000366	0.019363793	0.071172968
30	2bitsym	2	RMS	128	0.001	0.1	10	80	80	80	34080	68160	99.47166443	97.81999969	0.018568316	0.075221173
30	2bitsym	2	RMS	128	0.001	0.1	10	96	96	96	43968	87936	99.64333344	97.87999725	0.014006477	0.078228727
30	2bitsym	2	RMS	128	0.001	0.1	10	64	64	64	25216	50432	99.07499695	97.66999817	0.030472489	0.086960226
30	2bitsym	2	RMS	128	0.001	0.1	10	32	32	32	10560	21120	97.36166382	96.19999695	0.087572411	0.129585445
30	2bitsym	2	RMS	128	0.001	0.1	10	48	48	48	17376	34752	98.48666382	97.54000092	0.049696106	0.087036267
30	2bitsym	2	RMS	128	0.001	0.1	10	64	64	64	25216	50432	99.10666656	98.05000305	0.030031208	0.073056258
30	4bitsym	4	RMS	128	0.001	0.1	10	128	128	128	66816	267264	99.98833466	98.33999634	0.001657521	0.070398375
30	4bitsym	4	RMS	128	0.001	0.1	10	160	160	160	93760	375040	99.99333191	98.52999878	0.001168294	0.062753431
30	4bitsym	4	RMS	128	0.001	0.1	10	16	16	16	4768	19072	95.8833313	95.15000153	0.142325208	0.166150466
30	4bitsym	4	RMS	128	0.001	0.1	10	24	24	24	7536	30144	97.59166718	96.58000183	0.081336185	0.116349958
30	4bitsym	4	RMS	128	0.001	0.1	10	48	48	48	17376	69504	99.37833405	97.75	0.02541119	0.078946352
30	4bitsym	4	RMS	128	0.001	0.1	10	80	80	80	34080	136320	99.86833191	98.16000366	0.007509662	0.063676886
30	4bitsym	4	RMS	128	0.001	0.1	10	96	96	96	43968	175872	99.94166565	98.27999878	0.004224633	0.067755178
30	4bitsym	4	RMS	128	0.001	0.1	10	64	64	64	25216	100864	99.73666382	97.98000336	0.012213291	0.075106576
30	4bitsym	4	RMS	128	0.001	0.1	10	64	64	64	25216	100864	99.76667023	97.91999817	0.011324343	0.070851415
30	4bitsym	4	RMS	128	0.001	0.1	10	32	32	32	10560	42240	98.625	97.44999695	0.050012723	0.091146365
30	4bitsym	4	RMS	128	0.001	0.1	10	48	48	48	17376	69504	99.45333099	97.66000366	0.023183124	0.088122196
30	4bitsym	4	RMS	128	0.001	0.1	10	64	64	64	25216	100864	99.77166748	98.02999878	0.012159877	0.075515941
30	8bit	8	RMS	128	0.001	0.1	10	128	128	128	66816	534528	99.98166656	98.26000214	0.001929083	0.069513015
30	8bit	8	RMS	128	0.001	0.1	10	160	160	160	93760	750080	99.9916687	98.31999969	0.000933084	0.067958511
30	8bit	8	RMS	128	0.001	0.1	10	16	16	16	4768	38144	95.5533371	95.01999664	0.149930149	0.172408655
30	8bit	8	RMS	128	0.001	0.1	10	16	16	16	4768	38144	96.48999786	95.75	0.121690705	0.149008647
30	8bit	8	RMS	128	0.001	0.1	10	32	32	32	10560	84480	98.66166687	97.38999939	0.048467185	0.09226539
30	8bit	8	RMS	128	0.001	0.1	10	32	32	32	10560	84480	98.68333435	97.16000366	0.048221145	0.097158171
30	8bit	8	RMS	128	0.001	0.1	10	48	48	48	17376	139008	99.39167023	97.94000244	0.024051715	0.077490211
30	8bit	8	RMS	128	0.001	0.1	10	48	48	48	17376	139008	99.51667023	97.76000214	0.02148254	0.077619374
30	8bit	8	RMS	128	0.001	0.1	10	48	48	48	17376	139008	99.49833679	97.69000244	0.021350816	0.085419267
30	8bit	8	RMS	128	0.001	0.1	10	80	80	80	34080	272640	99.89833069	98.08999634	0.006452073	0.076201476
30	8bit	8	RMS	128	0.001	0.1	10	96	96	96	43968	351744	99.95999908	98.31999969	0.003559482	0.066809647
30	8bit	8	RMS	128	0.001	0.1	10	64	64	64	25216	201728	99.86833191	98.02999878	0.007506728	0.073647425
30	8bit	8	RMS	128	0.001	0.1	10	64	64	64	25216	201728	99.78166962	98.05999756	0.011363678	0.07218986
30	Binary	1	RMS	128	0.001	0.1	10	128	128	128	66816	66816	99.25499725	97.93000031	0.024259612	0.069476709
30	Binary	1	RMS	128	0.001	0.1	10	160	160	160	93760	93760	99.51833344	98.26999664	0.016576426	0.060108811
30	Binary	1	RMS	128	0.001	0.1	10	32	48	32	11584	11584	94.95166779	94.88999939	0.171185374	0.175417304
30	Binary	1	RMS	128	0.001	0.1	10	48	32	32	15168	15168	96.12666321	95.54000092	0.130515814	0.145601466
30	Binary	1	RMS	128	0.001	0.1	10	48	48	32	16448	16448	96.61333466	96.06999969	0.113300718	0.132798299
30	Binary	1	RMS	128	0.001	0.1	10	96	96	96	43968	43968	98.6883316	97.80999756	0.041361477	0.075462244
30	Binary	1	RMS	128	0.001	0.1	10	64	64	64	25216	25216	97.79333496	96.76999664	0.072463408	0.105802305
30	Binary	1	RMS	128	0.001	0.1	10	64	64	64	25216	25216	97.75333405	97.15000153	0.073109455	0.09615273
30	Binary	1	RMS	128	0.001	0.1	10	64	64	64	25216	25216	97.61499786	96.77999878	0.075120606	0.111203559
30	Binary	1	RMS	128	0.001	0.1	10	32	32	32	10560	10560	94.74500275	94.55000305	0.18030183	0.19052586
30	Binary	1	RMS	128	0.001	0.1	10	48	48	48	17376	17376	96.86000061	96.41999817	0.10408707	0.127519086
30	Binary	1	RMS	128	0.001	0.1	10	64	64	64	25216	25216	97.74833679	97.01999664	0.071593277	0.107530497
30	Binary	1	RMS	128	0.001	0.1	10	80	80	80	34080	34080	98.29666901	97.18000031	0.055908281	0.093226478
30	None	32	RMS	128	0.001	0.1	10	48	48	48	17376	556032	99.66999817	97.61000061	0.016479535	0.081654519
30	None	32	RMS	128	0.001	0.1	10	64	64	64	25216	806912	99.88500214	98.12000275	0.007095081	0.06810613
30	None	32	RMS	128	0.001	0.1	10	64	64	64	25216	806912	99.87666321	98.08999634	0.007548976	0.075958706
30	None	32	RMS	128	0.001	0.1	10	64	64	64	25216	806912	99.89499664	98.22000122	0.00649053	0.071967855
30	Ternary	1.6	RMS	128	0.001	0.1	10	64	64	64	25216	40345.60156	98.82666779	97.66000366	0.039240263	0.080099061
30	Ternary	1.6	RMS	128	0.001	0.1	10	128	128	128	66816	106905.6016	99.76166534	98.34999847	0.0100767	0.06396731
30	Ternary	1.6	RMS	128	0.001	0.1	10	160	160	160	93760	150016	99.90000153	98.37999725	0.004819755	0.061947428
30	Ternary	1.6	RMS	128	0.001	0.1	10	24	24	24	7536	12057.59961	95.5083313	95.05999756	0.157431617	0.172766447
30	Ternary	1.6	RMS	128	0.001	0.1	10	96	96	96	43968	70348.79688	99.5083313	97.86000061	0.018384641	0.074451007
30	Ternary	1.6	RMS	128	0.001	0.1	10	32	32	32	10560	16896	96.65499878	96.08000183	0.113325745	0.129083708
30	Ternary	1.6	RMS	128	0.001	0.1	10	48	48	48	17376	27801.6	97.95999908	97.11000061	0.06503389	0.096156642
30	Ternary	1.6	RMS	128	0.001	0.1	10	64	64	64	25216	40345.6	98.68499756	97.38999939	0.042172994	0.08866106
30	Ternary	1.6	RMS	128	0.001	0.1	10	80	80	80	34080	54528	99.1783371	97.77999878	0.027794939	0.073586062
